Epoch	AverageEpRet	StdEpRet	MaxEpRet	MinEpRet	AverageTestEpRet	StdTestEpRet	MaxTestEpRet	MinTestEpRet	EpLen	TestEpLen	TotalEnvInteracts	AverageQVals	StdQVals	MaxQVals	MinQVals	LossPi	LossQ	Time
1	33.643513	0.046260834	33.689774	33.59725	16.695969	0.049388435	16.78485	16.618774	250.0	250.0	500	101.89282	46.468914	176.5796	-8.544057	-164.51653	11.4261265	15.57613205909729
2	33.505363	0.07818794	33.58355	33.427174	22.41709	0.073424645	22.54195	22.303175	250.0	250.0	1000	444.08163	220.37866	977.8916	-40.62543	-835.0265	179.17033	30.855687141418457
3	33.5656	0.022575378	33.588177	33.543026	24.117804	0.04859039	24.203224	24.030025	250.0	250.0	1500	2542.1528	1253.5348	5778.3496	-39.121708	-4856.549	12445.772	45.79206347465515
4	33.59065	0.03472519	33.625374	33.555923	25.748901	0.036786724	25.792925	25.666124	250.0	250.0	2000	15410.1	7986.5366	37612.484	129.82526	-30263.828	476764.22	60.7384672164917
5	33.5658	0.006801605	33.5726	33.559	25.977987	0.06796036	26.1112	25.87445	250.0	250.0	2500	103693.63	55584.184	247138.89	12433.749	-206093.98	41321604.0	76.43849325180054
6	33.507374	0.027999878	33.535374	33.479374	25.988348	0.050945655	26.115326	25.944225	250.0	250.0	3000	666731.2	342346.38	1534876.4	147906.92	-1299865.6	2064723600.0	91.75915694236755
7	33.62629	0.03558922	33.661877	33.5907	25.969025	0.044072088	26.0477	25.90645	250.0	250.0	3500	3915234.0	1901323.0	8749242.0	1198797.1	-7391956.5	75812750000.0	106.97168326377869
8	33.58444	0.0069122314	33.59135	33.577526	25.98993	0.04130396	26.034925	25.881824	250.0	250.0	4000	20158002.0	9002614.0	42797668.0	6888752.0	-36497144.0	2417367700000.0	122.3878002166748
9	33.608063	0.007787705	33.61585	33.600273	25.955448	0.08669895	26.09995	25.81105	250.0	250.0	4500	86008820.0	33337920.0	166016740.0	28607850.0	-147947680.0	57912410000000.0	138.37653350830078
10	33.593964	0.031661987	33.625626	33.5623	25.957294	0.05745405	26.0558	25.881874	250.0	250.0	5000	268538140.0	75609970.0	434107000.0	100201210.0	-446673820.0	1664654700000000.0	153.69155478477478
11	33.55829	0.0553627	33.61365	33.502926	25.967	0.0560032	26.04625	25.8667	250.0	250.0	5500	565324800.0	106731630.0	799233150.0	256581730.0	-927002800.0	2.3299663e+16	169.19677138328552
12	33.558113	0.027736664	33.58585	33.530376	26.035374	0.05033094	26.11575	25.930525	250.0	250.0	6000	923860740.0	133375870.0	1210009600.0	447667520.0	-1509832600.0	1.1223596e+17	184.7762439250946
13	33.569588	0.0329628	33.60255	33.536625	26.081888	0.035103686	26.12885	25.999926	250.0	250.0	6500	1325038000.0	164060510.0	1688963200.0	667234940.0	-2156564200.0	3.0283268e+17	200.64251470565796
14	33.62606	0.09331322	33.719376	33.53275	26.064987	0.091257155	26.244375	25.934826	250.0	250.0	7000	1771384000.0	200984200.0	2201819100.0	888586050.0	-2874670000.0	6.2132474e+17	216.22122263908386
15	33.605186	0.06536293	33.67055	33.539825	26.066223	0.050082352	26.1315	25.9942	250.0	250.0	7500	2270488000.0	241060820.0	2765596000.0	1174414100.0	-3674757400.0	1.10810356e+18	231.58905673027039
16	33.56816	0.03396225	33.602123	33.5342	26.070683	0.04725263	26.144726	26.0054	250.0	250.0	8000	2817966800.0	292334100.0	3432330500.0	1476664300.0	-4554489000.0	1.8175385e+18	247.23220252990723
17	33.668785	0.04878807	33.717575	33.62	26.018438	0.06907511	26.15595	25.9165	250.0	250.0	8500	3426438400.0	343409180.0	4092960000.0	1770938100.0	-5528664000.0	2.7833444e+18	263.6193587779999
18	33.608124	0.10047531	33.7086	33.50765	26.038494	0.07678662	26.139626	25.927025	250.0	250.0	9000	4093491700.0	399043460.0	4833782000.0	2139521800.0	-6595563000.0	4.1004532e+18	278.92739939689636
19	33.60601	0.07586098	33.681873	33.53015	26.047016	0.051020827	26.133326	25.95785	250.0	250.0	9500	4816153000.0	468488450.0	5716503000.0	2530749700.0	-7753115000.0	5.8306156e+18	294.27228236198425
20	33.532112	0.06483841	33.59695	33.467274	26.059504	0.03640985	26.124575	25.987076	250.0	250.0	10000	5603045400.0	538257200.0	6594315000.0	2941635000.0	-9011944000.0	8.06161e+18	309.7287037372589
21	27.233562	0.008962631	27.242525	27.2246	26.05803	0.050559632	26.157	25.978825	250.0	250.0	10500	6622729700.0	1146198500.0	12619440000.0	3401823200.0	-10397491000.0	1.0579094e+19	326.5492310523987
22	27.330051	0.038550377	27.3686	27.2915	26.055187	0.076492265	26.1553	25.949875	250.0	250.0	11000	7783947300.0	1753523100.0	14232482000.0	3966143200.0	-11859993000.0	1.3290479e+19	342.32894110679626
23	27.360214	0.0051374435	27.36535	27.355076	26.06358	0.045406308	26.106825	25.96555	250.0	250.0	11500	9025936000.0	2310674400.0	15969108000.0	4342453000.0	-13400977000.0	1.644917e+19	358.2854781150818
24	27.360075	0.010349274	27.370424	27.349726	26.03588	0.03457586	26.10205	25.996426	250.0	250.0	12000	10360066000.0	2831509200.0	17820146000.0	4913847300.0	-15036353000.0	1.988746e+19	374.24403715133667
25	27.339699	0.00660038	27.3463	27.3331	26.07525	0.042359993	26.1697	26.019775	250.0	250.0	12500	11762570000.0	3360436000.0	19739374000.0	5463535600.0	-16760151000.0	2.394858e+19	390.6774067878723
26	27.3162	0.003250122	27.31945	27.31295	26.051334	0.03124705	26.123026	26.001425	250.0	250.0	13000	13291595000.0	3920462000.0	21739450000.0	6127879000.0	-18592424000.0	2.838575e+19	406.85206270217896
27	27.388275	0.0062999725	27.394575	27.381975	26.087973	0.06605199	26.180075	25.97245	250.0	250.0	13500	14900841000.0	4464378400.0	23943120000.0	6695543000.0	-20540640000.0	3.3614098e+19	422.6699662208557
28	27.332577	0.0017499926	27.334326	27.330826	26.039791	0.038145714	26.1039	25.9889	250.0	250.0	14000	16671218000.0	5073539600.0	26155954000.0	7450032600.0	-22587392000.0	3.9027627e+19	439.0407075881958
29	27.294888	0.09866333	27.39355	27.196224	26.041107	0.058101002	26.104525	25.92905	250.0	250.0	14500	18508476000.0	5670387000.0	28625789000.0	8037014500.0	-24769233000.0	4.551546e+19	454.8221163749695
30	27.302538	0.0059871674	27.308525	27.29655	26.049143	0.08574601	26.1467	25.831175	250.0	250.0	15000	20517794000.0	6308731000.0	31084585000.0	8641401000.0	-27054973000.0	5.2467683e+19	470.55729722976685
31	27.275814	0.05618763	27.332	27.219625	26.0758	0.07158429	26.2597	25.99945	250.0	250.0	15500	22540835000.0	6959021000.0	33778307000.0	9492556000.0	-29450201000.0	6.07941e+19	486.4196848869324
32	27.364937	0.041962624	27.4069	27.322975	26.085638	0.077958725	26.17565	25.956276	250.0	250.0	16000	24702757000.0	7618078700.0	36577657000.0	10173426000.0	-31979416000.0	6.941694e+19	503.0264675617218
33	27.305939	0.055987358	27.361925	27.24995	26.061535	0.061684094	26.2209	25.9901	250.0	250.0	16500	27019310000.0	8282584000.0	39497680000.0	11115538000.0	-34660454000.0	7.937294e+19	519.105949640274
34	27.253763	0.0005874634	27.25435	27.253176	26.028803	0.04225795	26.101025	25.96715	250.0	250.0	17000	29537384000.0	9035211000.0	42593026000.0	11977438000.0	-37458840000.0	8.96607e+19	535.1932117938995
35	27.284388	0.0008869171	27.285275	27.2835	26.065334	0.052718952	26.121574	25.972925	250.0	250.0	17500	32056412000.0	9787963000.0	45642460000.0	12827045000.0	-40341148000.0	1.0142969e+20	551.4154257774353
36	27.235825	0.092624664	27.32845	27.1432	26.063278	0.059266135	26.14375	25.953276	250.0	250.0	18000	34782364000.0	10530696000.0	48905794000.0	14208527000.0	-43400864000.0	1.14380875e+20	568.1484882831573
37	27.25135	0.05997467	27.311325	27.191376	26.072693	0.058217335	26.14395	25.965525	250.0	250.0	18500	37489365000.0	11319949000.0	52474257000.0	14859231000.0	-46525956000.0	1.2902243e+20	584.3024842739105
38	27.312437	0.05521202	27.36765	27.257225	26.03136	0.027916329	26.067776	25.9769	250.0	250.0	19000	40512614000.0	12113778000.0	55986910000.0	15824173000.0	-49887478000.0	1.435196e+20	600.5037631988525
39	27.320938	0.053512573	27.37445	27.267426	26.054562	0.041925043	26.108324	25.949724	250.0	250.0	19500	43520850000.0	12939986000.0	59805016000.0	17089335000.0	-53334650000.0	1.6090524e+20	617.0831117630005
40	27.3746	0.08129978	27.4559	27.2933	26.045338	0.06997796	26.17555	25.96365	250.0	250.0	20000	46823195000.0	13867476000.0	63647883000.0	18074012000.0	-56965374000.0	1.7763082e+20	633.4768378734589
41	27.290226	0.06567478	27.3559	27.22455	26.076838	0.044947606	26.171375	25.984625	250.0	250.0	20500	50223247000.0	14696804000.0	67601800000.0	19329280000.0	-60703715000.0	1.9919528e+20	649.4812150001526
42	27.3592	0.0291996	27.3884	27.33	26.066732	0.039673325	26.143274	26.0069	250.0	250.0	21000	53581836000.0	15634268000.0	71954690000.0	20720697000.0	-64568205000.0	2.2009332e+20	665.9978086948395
43	27.290386	0.005812645	27.2962	27.284575	26.037012	0.043122962	26.093525	25.940475	250.0	250.0	21500	57320854000.0	16571592000.0	76223150000.0	21999182000.0	-68654744000.0	2.4328306e+20	682.7147748470306
44	27.259087	0.0053129196	27.2644	27.253775	26.051767	0.046200134	26.10665	25.9371	250.0	250.0	22000	61112267000.0	17572643000.0	80818420000.0	22811402000.0	-72797120000.0	2.664119e+20	699.1056413650513
45	27.238825	0.027450562	27.266275	27.211374	26.071878	0.05734963	26.150225	25.9545	250.0	250.0	22500	65062785000.0	18519048000.0	85503130000.0	24222614000.0	-77171974000.0	2.9334516e+20	715.5600380897522
46	27.351887	0.043637276	27.395525	27.30825	26.039682	0.055757213	26.161526	25.96995	250.0	250.0	23000	69202190000.0	19515343000.0	90275955000.0	25770852000.0	-81634850000.0	3.2150663e+20	732.0327150821686
47	27.284163	0.0117378235	27.2959	27.272425	26.060663	0.055364266	26.179125	25.9687	250.0	250.0	23500	73259655000.0	20601666000.0	95016810000.0	27284160000.0	-86217660000.0	3.5222948e+20	749.0952727794647
48	27.337349	0.017899513	27.35525	27.31945	26.072699	0.05469057	26.153425	25.9888	250.0	250.0	24000	77563970000.0	21641370000.0	100440580000.0	28759255000.0	-91044400000.0	3.8779047e+20	765.6854455471039
49	27.296225	0.011924744	27.30815	27.2843	26.054523	0.047290448	26.1316	25.95185	250.0	250.0	24500	82347475000.0	22747927000.0	105518320000.0	29945188000.0	-96060720000.0	4.2000792e+20	782.2830414772034
50	27.217787	0.025787354	27.243574	27.192	26.034542	0.0697591	26.190075	25.960325	250.0	250.0	25000	86739560000.0	23923070000.0	111115060000.0	31544154000.0	-101064140000.0	4.577194e+20	799.0395557880402
51	27.357887	0.046387672	27.404276	27.3115	26.090466	0.053717513	26.149225	25.9992	250.0	250.0	25500	91602170000.0	25086839000.0	116947070000.0	33217268000.0	-106406980000.0	5.010612e+20	815.6441550254822
52	27.338	0.009075165	27.347075	27.328924	26.048782	0.08293995	26.208176	25.906725	250.0	250.0	26000	96963920000.0	26155665000.0	122456210000.0	35104770000.0	-111927800000.0	5.378068e+20	832.5478587150574
53	27.32655	0.055475235	27.382025	27.271074	26.026007	0.05149773	26.091974	25.9533	250.0	250.0	26500	101745370000.0	27439346000.0	128653410000.0	36768096000.0	-117340260000.0	5.8395143e+20	849.4095685482025
54	27.305351	0.02769947	27.33305	27.27765	26.05098	0.027349994	26.08765	26.004475	250.0	250.0	27000	107065290000.0	28609638000.0	134824930000.0	39821218000.0	-123159670000.0	6.3683805e+20	866.7558224201202
55	27.302288	0.006962776	27.30925	27.295324	26.075367	0.03752872	26.14795	26.0094	250.0	250.0	27500	112683890000.0	29922597000.0	140900650000.0	41145938000.0	-129144570000.0	6.850285e+20	883.5550594329834
56	27.3379	0.07019997	27.4081	27.2677	26.051441	0.04992223	26.153425	25.9487	250.0	250.0	28000	118356290000.0	31201921000.0	148005930000.0	42064757000.0	-135240290000.0	7.3618324e+20	900.676043510437
57	27.253311	0.007937431	27.26125	27.245375	26.087442	0.04206129	26.176	26.019075	250.0	250.0	28500	124110420000.0	32434053000.0	154053770000.0	44433113000.0	-141484930000.0	7.974062e+20	918.508314371109
58	27.2636	0.030324936	27.293924	27.233274	26.080072	0.039440494	26.150375	26.001974	250.0	250.0	29000	130035730000.0	33823674000.0	160795460000.0	46179803000.0	-147820050000.0	8.478475e+20	935.7796640396118
59	27.315739	0.0018873217	27.317625	27.31385	26.081512	0.03573934	26.130976	26.020176	250.0	250.0	29500	135970930000.0	35328442000.0	168232440000.0	48350056000.0	-154395720000.0	9.227142e+20	952.8973541259766
60	27.367413	0.043388367	27.4108	27.324024	26.05628	0.06734212	26.18255	25.944675	250.0	250.0	30000	142561740000.0	36527030000.0	175228160000.0	50444370000.0	-161281460000.0	9.982629e+20	969.8361587524414
61	27.327562	0.011938095	27.3395	27.315624	26.038761	0.047070097	26.124025	25.965	250.0	250.0	30500	149247130000.0	37869883000.0	182254340000.0	53239440000.0	-168206000000.0	1.0405409e+21	988.1450221538544
62	27.3255	0.0074748993	27.332975	27.318026	26.069088	0.0423688	26.1285	25.975426	250.0	250.0	31000	155334850000.0	39426077000.0	190527010000.0	54617666000.0	-175231530000.0	1.15781755e+21	1005.5686142444611
63	27.259075	0.00549984	27.264574	27.253574	26.049088	0.059212647	26.161175	25.9708	250.0	250.0	31500	162232470000.0	40882967000.0	197750590000.0	57744417000.0	-182465970000.0	1.2230464e+21	1022.4885756969452
64	27.328	0.046099663	27.3741	27.2819	26.048487	0.06543179	26.123276	25.923225	250.0	250.0	32000	169378300000.0	42342597000.0	205950260000.0	59179630000.0	-190053520000.0	1.2827355e+21	1039.7510261535645
65	27.258999	0.032349586	27.29135	27.22665	26.056396	0.057262275	26.124926	25.9366	250.0	250.0	32500	176128050000.0	44042437000.0	214131110000.0	61396468000.0	-197656170000.0	1.4043668e+21	1056.934336423874
66	27.3276	0.027475357	27.355076	27.300125	26.044424	0.060132638	26.125074	25.9458	250.0	250.0	33000	183815100000.0	45494317000.0	222231040000.0	63510745000.0	-205647900000.0	1.485786e+21	1074.2642693519592
67	27.303074	0.019324303	27.3224	27.28375	26.072067	0.043918297	26.14945	25.999874	250.0	250.0	33500	191152200000.0	47112565000.0	231138560000.0	66106188000.0	-213668530000.0	1.5974618e+21	1091.480284690857
68	27.282124	0.10719967	27.389324	27.174925	26.080883	0.060924314	26.174225	25.9404	250.0	250.0	34000	198436420000.0	48957985000.0	239678000000.0	70258410000.0	-221723160000.0	1.7392088e+21	1109.3450033664703
69	27.278236	0.037636757	27.315874	27.2406	26.068869	0.054209292	26.152325	25.957926	250.0	250.0	34500	207077970000.0	50295360000.0	248921830000.0	72177320000.0	-230329320000.0	1.7770288e+21	1126.8637731075287
70	27.320614	0.028712273	27.349325	27.2919	26.078894	0.065264456	26.2094	25.979376	250.0	250.0	35000	215390180000.0	51706737000.0	257416460000.0	74313630000.0	-238973550000.0	1.8926736e+21	1144.0669412612915
71	27.305763	0.01873684	27.3245	27.287025	26.033855	0.049190804	26.131174	25.976875	250.0	250.0	35500	223285000000.0	53472195000.0	266863620000.0	77650395000.0	-247611340000.0	1.9802919e+21	1161.9121463298798
72	27.390287	0.04768753	27.437975	27.3426	26.063843	0.054685306	26.14025	25.97265	250.0	250.0	36000	231962020000.0	55091474000.0	275646000000.0	79017930000.0	-256804400000.0	2.1366364e+21	1179.2502255439758
73	27.315275	0.069675446	27.38495	27.2456	26.047754	0.054319076	26.140575	25.932674	250.0	250.0	36500	240051040000.0	56981025000.0	285351670000.0	81751520000.0	-265386100000.0	2.2823079e+21	1196.5291187763214
74	27.3013	0.092250824	27.39355	27.20905	26.060806	0.050554935	26.147175	25.9902	250.0	250.0	37000	249194220000.0	58694400000.0	295410860000.0	86823125000.0	-275035160000.0	2.3904972e+21	1213.9435052871704
75	27.34195	0.050675392	27.392626	27.291275	26.032038	0.04381879	26.12565	25.973875	250.0	250.0	37500	257794590000.0	60711050000.0	305637500000.0	88164100000.0	-284361720000.0	2.5151911e+21	1231.91077876091
76	27.277237	0.055462837	27.3327	27.221775	26.038052	0.033813477	26.10315	25.988775	250.0	250.0	38000	267246780000.0	62328030000.0	317241560000.0	91292590000.0	-294123960000.0	2.6456047e+21	1249.76323056221
77	27.37215	0.07769966	27.44985	27.29445	26.055893	0.067029096	26.170876	25.93995	250.0	250.0	38500	276425930000.0	64261640000.0	327841400000.0	94447010000.0	-303975240000.0	2.8241747e+21	1267.600564956665
78	27.296713	0.06403732	27.36075	27.232676	26.049774	0.043971643	26.13115	25.979675	250.0	250.0	39000	286285070000.0	65887240000.0	336678160000.0	97605894000.0	-314091600000.0	2.9912506e+21	1285.7297267913818
79	27.314276	0.0067749023	27.32105	27.3075	26.049936	0.04200497	26.118225	25.975025	250.0	250.0	39500	295454740000.0	68039680000.0	347393360000.0	102990135000.0	-324164650000.0	3.1417235e+21	1303.6326322555542
80	27.337662	0.013287544	27.35095	27.324375	26.049662	0.06166	26.153175	25.955126	250.0	250.0	40000	306086350000.0	69587310000.0	358342000000.0	106170380000.0	-334819160000.0	3.2771265e+21	1321.491429567337
81	27.256561	0.039437294	27.296	27.217125	26.058018	0.029412698	26.099674	25.99685	250.0	250.0	40500	315654860000.0	71673905000.0	369194800000.0	108013910000.0	-345019550000.0	3.5092653e+21	1339.9738295078278
82	27.250425	0.020349503	27.270775	27.230076	26.0841	0.0542937	26.20885	26.00395	250.0	250.0	41000	325339020000.0	73722590000.0	379676600000.0	111439940000.0	-355701600000.0	3.76625e+21	1357.9323377609253
83	27.335638	0.08761215	27.42325	27.248026	26.029034	0.045919813	26.124676	25.963875	250.0	250.0	41500	335801450000.0	75758190000.0	393065230000.0	113024030000.0	-366758000000.0	3.8297288e+21	1375.602247953415
84	27.341263	0.036287308	27.37755	27.304976	26.026165	0.06798268	26.101376	25.90805	250.0	250.0	42000	346911870000.0	77597880000.0	403590280000.0	117006160000.0	-378186470000.0	4.0230062e+21	1393.8740320205688
85	27.298061	0.03676319	27.334826	27.2613	26.056454	0.067861594	26.1361	25.940075	250.0	250.0	42500	357733400000.0	79630160000.0	415777650000.0	120470670000.0	-389572200000.0	4.3138056e+21	1412.3917920589447
86	27.27325	0.064450264	27.3377	27.2088	26.085169	0.0647196	26.194626	25.93955	250.0	250.0	43000	368742960000.0	81503940000.0	428616880000.0	124263780000.0	-400814000000.0	4.4129664e+21	1430.6553242206573
87	27.243113	0.055187225	27.2983	27.187925	26.058548	0.051640894	26.15995	25.95845	250.0	250.0	43500	379420640000.0	83742110000.0	442147140000.0	129135270000.0	-412465430000.0	4.701251e+21	1448.6136119365692
88	27.316288	0.003962517	27.32025	27.312325	26.0505	0.07156593	26.118876	25.911125	250.0	250.0	44000	390799130000.0	86057370000.0	453617980000.0	130429395000.0	-424413430000.0	4.8964115e+21	1467.344306230545
89	27.346863	0.016462326	27.363325	27.3304	26.05216	0.049863275	26.118025	25.96775	250.0	250.0	44500	403329480000.0	87267934000.0	465379720000.0	135707980000.0	-436724920000.0	5.1920024e+21	1485.6452057361603
90	27.272762	0.038763046	27.311525	27.234	26.068445	0.06893868	26.154276	25.92925	250.0	250.0	45000	414098100000.0	89567580000.0	477586850000.0	139769970000.0	-448451020000.0	5.409505e+21	1503.774570465088
91	27.308037	0.0058374405	27.313875	27.3022	26.072962	0.02937274	26.1191	26.012175	250.0	250.0	45500	425277620000.0	92550720000.0	490995580000.0	142198240000.0	-460716970000.0	5.683645e+21	1521.9134814739227
92	27.268288	0.025287628	27.293575	27.243	26.072033	0.030789921	26.104725	26.005575	250.0	250.0	46000	437794770000.0	94155145000.0	504007600000.0	147359700000.0	-473216220000.0	5.928934e+21	1539.8264281749725
93	27.356075	0.028900146	27.384975	27.327175	26.066177	0.070439935	26.21355	25.9769	250.0	250.0	46500	449956050000.0	96628510000.0	517335320000.0	149891840000.0	-486352030000.0	6.132879e+21	1557.968425989151
94	27.374788	0.019462585	27.39425	27.355326	26.053875	0.045874503	26.12955	25.9862	250.0	250.0	47000	462490570000.0	98691570000.0	531277100000.0	154042040000.0	-499374400000.0	6.5137115e+21	1576.4847974777222
95	27.314339	0.017537117	27.331875	27.2968	26.088192	0.06344047	26.202425	26.00025	250.0	250.0	47500	475535800000.0	100850650000.0	546269300000.0	160405900000.0	-512654570000.0	6.661861e+21	1594.7573099136353
96	27.252537	0.0062379837	27.258776	27.2463	26.027506	0.058978662	26.13665	25.934525	250.0	250.0	48000	487233750000.0	103673690000.0	558952200000.0	160600390000.0	-525895140000.0	7.173799e+21	1612.9611039161682
97	27.343964	0.06963825	27.4136	27.274324	26.071487	0.05921745	26.2012	25.99915	250.0	250.0	48500	501027440000.0	105329240000.0	572370060000.0	167353250000.0	-539276970000.0	7.322631e+21	1631.1320579051971
98	8.017912	19.262987	27.2809	-11.245075	-11.252656	0.0061615645	-11.24265	-11.262575	250.0	250.0	49000	nan	nan	nan	nan	nan	nan	1649.0480630397797
99	-11.265437	0.0045375824	-11.2609	-11.269975	-11.249769	0.0077321613	-11.23915	-11.264775	250.0	250.0	49500	nan	nan	nan	nan	nan	nan	1666.6570930480957
100	-11.249388	0.0018377304	-11.24755	-11.251225	-11.25344	0.0061964476	-11.241825	-11.26405	250.0	250.0	50000	nan	nan	nan	nan	nan	nan	1684.0682876110077
101	-11.252575	0.0042500496	-11.248325	-11.256825	-11.250673	0.0057277293	-11.2429	-11.26045	250.0	250.0	50500	nan	nan	nan	nan	nan	nan	1701.991200685501
102	-11.24405	0.012399673	-11.23165	-11.25645	-11.253645	0.0073586605	-11.24115	-11.26615	250.0	250.0	51000	nan	nan	nan	nan	nan	nan	1719.4415855407715
103	-11.248663	0.0014872552	-11.247175	-11.25015	-11.249651	0.008183985	-11.24095	-11.2697	250.0	250.0	51500	nan	nan	nan	nan	nan	nan	1737.0348942279816
104	-11.243187	0.0045371056	-11.23865	-11.247725	-11.251524	0.008122895	-11.2363	-11.2617	250.0	250.0	52000	nan	nan	nan	nan	nan	nan	1754.7326855659485
105	-11.251263	0.0094127655	-11.24185	-11.260675	-11.247963	0.005518029	-11.239125	-11.255825	250.0	250.0	52500	nan	nan	nan	nan	nan	nan	1772.731920003891
106	-11.243225	0.0038499832	-11.239375	-11.247075	-11.248396	0.011516913	-11.23205	-11.269025	250.0	250.0	53000	nan	nan	nan	nan	nan	nan	1790.4611728191376
107	-11.253938	0.011212349	-11.242725	-11.26515	-11.25142	0.00947856	-11.23615	-11.264775	250.0	250.0	53500	nan	nan	nan	nan	nan	nan	1808.182601928711
108	-11.252825	0.002600193	-11.250225	-11.255425	-11.249674	0.007255792	-11.237325	-11.259925	250.0	250.0	54000	nan	nan	nan	nan	nan	nan	1826.372325181961
109	-11.2551	0.0022501945	-11.25285	-11.25735	-11.243098	0.006325391	-11.232175	-11.25475	250.0	250.0	54500	nan	nan	nan	nan	nan	nan	1844.2186295986176
110	-11.243025	0.0006499292	-11.242375	-11.243675	-11.253182	0.010429538	-11.238875	-11.27125	250.0	250.0	55000	nan	nan	nan	nan	nan	nan	1861.9401676654816
111	-11.253937	0.0049624443	-11.248975	-11.2589	-11.25201	0.0038831874	-11.24605	-11.256975	250.0	250.0	55500	nan	nan	nan	nan	nan	nan	1880.0679070949554
112	-11.2521	0.0034246445	-11.248675	-11.255525	-11.251314	0.008992033	-11.24065	-11.266725	250.0	250.0	56000	nan	nan	nan	nan	nan	nan	1898.0088386535645
113	-11.2537	0.0012001992	-11.2525	-11.2549	-11.247448	0.010196318	-11.233375	-11.26505	250.0	250.0	56500	nan	nan	nan	nan	nan	nan	1915.9435641765594
114	-11.2404	0.004825115	-11.235575	-11.245225	-11.252863	0.004641929	-11.246825	-11.260425	250.0	250.0	57000	nan	nan	nan	nan	nan	nan	1933.7641804218292
115	-11.252424	0.009174824	-11.24325	-11.2616	-11.249058	0.010930162	-11.2303	-11.26245	250.0	250.0	57500	nan	nan	nan	nan	nan	nan	1952.0326046943665
116	-11.250037	0.005812645	-11.244225	-11.25585	-11.250609	0.0042667845	-11.242525	-11.255775	250.0	250.0	58000	nan	nan	nan	nan	nan	nan	1969.8707082271576
117	-11.251025	0.0057001114	-11.245325	-11.256725	-11.244595	0.0076002823	-11.23015	-11.256075	250.0	250.0	58500	nan	nan	nan	nan	nan	nan	1987.5734906196594
118	-11.246876	0.00017499989	-11.2467	-11.24705	-11.2493725	0.010759106	-11.2216	-11.2627	250.0	250.0	59000	nan	nan	nan	nan	nan	nan	2005.7425212860107
119	-11.254576	0.0055499077	-11.249025	-11.260125	-11.255051	0.0068392637	-11.242525	-11.2626	250.0	250.0	59500	nan	nan	nan	nan	nan	nan	2023.6981549263
120	-11.256112	0.002562523	-11.25355	-11.258675	-11.252001	0.012087964	-11.229375	-11.276175	250.0	250.0	60000	nan	nan	nan	nan	nan	nan	2041.8003664016724
121	-11.25415	0.008124828	-11.246025	-11.262275	-11.25156	0.006737278	-11.241725	-11.26225	250.0	250.0	60500	nan	nan	nan	nan	nan	nan	2060.163947582245
122	-11.246401	0.0008749963	-11.245525	-11.247275	-11.251602	0.0058117695	-11.235975	-11.256625	250.0	250.0	61000	nan	nan	nan	nan	nan	nan	2078.4256603717804
123	-11.2596245	0.0073752403	-11.25225	-11.267	-11.252398	0.0054995297	-11.241875	-11.261275	250.0	250.0	61500	nan	nan	nan	nan	nan	nan	2096.6389548778534
124	-11.254387	0.0010876657	-11.2533	-11.255475	-11.247656	0.008471574	-11.238525	-11.2692	250.0	250.0	62000	nan	nan	nan	nan	nan	nan	2115.0853056907654
125	-11.247162	0.0026373863	-11.244525	-11.2498	-11.25145	0.008751346	-11.23825	-11.2666	250.0	250.0	62500	nan	nan	nan	nan	nan	nan	2133.349915266037
126	-11.2460375	0.009587288	-11.23645	-11.255625	-11.250264	0.008398311	-11.2377	-11.267775	250.0	250.0	63000	nan	nan	nan	nan	nan	nan	2151.2885332107544
127	-11.247801	0.008574963	-11.239225	-11.256375	-11.24977	0.007507161	-11.236475	-11.259375	250.0	250.0	63500	nan	nan	nan	nan	nan	nan	2169.623641729355
128	-11.250012	0.016662598	-11.23335	-11.266675	-11.243845	0.0060319146	-11.235575	-11.2542	250.0	250.0	64000	nan	nan	nan	nan	nan	nan	2188.451982021332
129	-11.244388	0.004512787	-11.239875	-11.2489	-11.2505245	0.0070189075	-11.241425	-11.2631	250.0	250.0	64500	nan	nan	nan	nan	nan	nan	2206.9470250606537
130	-11.26415	0.0020999908	-11.26205	-11.26625	-11.254897	0.008431365	-11.24245	-11.271475	250.0	250.0	65000	nan	nan	nan	nan	nan	nan	2225.5257997512817
131	-11.251275	0.008674622	-11.2426	-11.25995	-11.249323	0.005863514	-11.237	-11.25685	250.0	250.0	65500	nan	nan	nan	nan	nan	nan	2244.198180437088
132	-11.254488	0.0012621881	-11.253225	-11.25575	-11.252893	0.0061356765	-11.24035	-11.263525	250.0	250.0	66000	nan	nan	nan	nan	nan	nan	2262.653828859329
133	-11.246512	0.0064878464	-11.240025	-11.253	-11.250081	0.008718212	-11.2384	-11.266575	250.0	250.0	66500	nan	nan	nan	nan	nan	nan	2281.1067061424255
134	-11.248137	0.007212639	-11.240925	-11.25535	-11.248415	0.007382486	-11.237575	-11.25865	250.0	250.0	67000	nan	nan	nan	nan	nan	nan	2299.981694459915
135	-11.241413	0.0071377754	-11.234275	-11.24855	-11.25008	0.006913529	-11.24095	-11.2597	250.0	250.0	67500	nan	nan	nan	nan	nan	nan	2318.2023742198944
136	-11.257475	0.0046749115	-11.2528	-11.26215	-11.250238	0.007795324	-11.239925	-11.261375	250.0	250.0	68000	nan	nan	nan	nan	nan	nan	2336.6423263549805
137	-11.255888	0.005487919	-11.2504	-11.261375	-11.247368	0.0041363747	-11.240225	-11.2561	250.0	250.0	68500	nan	nan	nan	nan	nan	nan	2355.5355367660522
138	-11.257288	0.00011205774	-11.257175	-11.2574	-11.250455	0.0050897645	-11.238925	-11.25965	250.0	250.0	69000	nan	nan	nan	nan	nan	nan	2374.2194488048553
139	-11.245037	0.0028624535	-11.242175	-11.2479	-11.248529	0.007357655	-11.234975	-11.2575	250.0	250.0	69500	nan	nan	nan	nan	nan	nan	2393.0011105537415
140	-11.259251	0.001675129	-11.257575	-11.260925	-11.247667	0.0055254116	-11.23925	-11.257	250.0	250.0	70000	nan	nan	nan	nan	nan	nan	2411.8997423648834
141	-11.257875	0.0035996437	-11.254275	-11.261475	-11.253156	0.008495964	-11.241025	-11.26485	250.0	250.0	70500	nan	nan	nan	nan	nan	nan	2431.2266170978546
142	-11.2488	0.005074978	-11.243725	-11.253875	-11.251815	0.004747485	-11.244775	-11.260025	250.0	250.0	71000	nan	nan	nan	nan	nan	nan	2449.959132194519
143	-11.250425	0.008775234	-11.24165	-11.2592	-11.248345	0.0070681167	-11.23175	-11.25875	250.0	250.0	71500	nan	nan	nan	nan	nan	nan	2468.8062715530396
144	-11.24995	0.007449627	-11.2425	-11.2574	-11.249103	0.012298688	-11.225125	-11.27355	250.0	250.0	72000	nan	nan	nan	nan	nan	nan	2487.820585012436
145	-11.252874	0.00067472475	-11.2522	-11.25355	-11.245195	0.009310229	-11.232925	-11.2642	250.0	250.0	72500	nan	nan	nan	nan	nan	nan	2506.5278255939484
146	-11.252763	0.014087677	-11.238675	-11.26685	-11.249784	0.009924842	-11.234	-11.264325	250.0	250.0	73000	nan	nan	nan	nan	nan	nan	2525.302676677704
147	-11.250913	0.0042123795	-11.2467	-11.255125	-11.25251	0.007748788	-11.24055	-11.266975	250.0	250.0	73500	nan	nan	nan	nan	nan	nan	2544.2939755916595
148	-11.256537	0.015412331	-11.241125	-11.27195	-11.252126	0.006684406	-11.2416	-11.26045	250.0	250.0	74000	nan	nan	nan	nan	nan	nan	2563.1196987628937
149	-11.25415	0.0011496545	-11.253	-11.2553	-11.249242	0.008828974	-11.226225	-11.25955	250.0	250.0	74500	nan	nan	nan	nan	nan	nan	2582.0069785118103
150	-11.25645	0.004650116	-11.2518	-11.2611	-11.246164	0.0050150864	-11.2427	-11.259275	250.0	250.0	75000	nan	nan	nan	nan	nan	nan	2601.5055503845215
